-250	2.41093527786233e-89
-249.51171875	5.26195070711726e-89
-249.0234375	1.14668813337919e-88
-248.53515625	2.4950610709699e-88
-248.046875	5.4206873788413e-88
-247.55859375	1.17588503107087e-87
-247.0703125	2.54690462178291e-87
-246.58203125	5.508049320291e-87
-246.09375	1.1893790334966e-86
-245.60546875	2.56436626939286e-86
-245.1171875	5.52048395815164e-86
-244.62890625	1.18661973767937e-85
-244.140625	2.54673233734279e-85
-243.65234375	5.4574825650752e-85
-243.1640625	1.16772003140728e-84
-242.67578125	2.49472352738297e-84
-242.1875	5.3216147905139e-84
-241.69921875	1.1334484308177e-83
-241.2109375	2.41044605042806e-83
-240.72265625	5.1183547717818e-83
-240.234375	1.08517723307682e-82
-239.74609375	2.29725011287178e-82
-239.2578125	4.85571522478622e-82
-238.76953125	1.02479135898724e-81
-238.28125	2.15950900933996e-81
-237.79296875	4.5437236002692e-81
-237.3046875	9.54566323709446e-81
-236.81640625	2.00233911777089e-80
-236.328125	4.19378801393465e-80
-235.83984375	8.7702633750363e-80
-235.3515625	1.8312857514445e-79
-234.86328125	3.81800872269522e-79
-234.375	7.94794833569375e-79
-233.88671875	1.6520016385078e-78
-233.3984375	3.428492717289e-78
-232.91015625	7.10449655581108e-78
-232.421875	1.46994370941162e-77
-231.93359375	3.03672468109254e-77
-231.4453125	6.26393804552023e-77
-230.95703125	1.29011019498337e-76
-230.46875	2.65303805819612e-76
-229.98046875	5.4475029245259e-76
-229.4921875	1.11683440250812e-75
-229.00390625	2.28621681040908e-75
-228.515625	4.67286638884832e-75
-228.02734375	9.53644772095135e-75
-227.5390625	1.94324348520186e-74
-227.05078125	3.9537128816465e-74
-226.5625	8.0319381253944e-74
-226.07421875	1.62919436732568e-73
-225.5859375	3.29961116783537e-73
-225.09765625	6.67252099531675e-73
-224.609375	1.34726941985749e-72
-224.12109375	2.71616578941569e-72
-223.6328125	5.46758340482633e-72
-223.14453125	1.09893467661358e-71
-222.65625	2.20539130430903e-71
-222.16796875	4.41912979268288e-71
-221.6796875	8.84148421440455e-71
-221.19140625	1.76624487097136e-70
-220.703125	3.52301076920306e-70
-220.21484375	7.01640011483217e-70
-219.7265625	1.39525003619127e-69
-219.23828125	2.7703016272767e-69
-218.75	5.49211207381778e-69
-218.26171875	1.08714893338865e-68
-217.7734375	2.14870115069304e-68
-217.28515625	4.24033636033743e-68
-216.796875	8.3552975113602e-68
-216.30859375	1.64384493781484e-67
-215.8203125	3.22921601557521e-67
-215.33203125	6.33389217806013e-67
-214.84375	1.24045654146381e-66
-214.35546875	2.42565907205138e-66
-213.8671875	4.73603917901322e-66
-213.37890625	9.23289999641421e-66
-212.890625	1.79720780525254e-65
-212.40234375	3.49297743200535e-65
-211.9140625	6.7784528971252e-65
-211.42578125	1.31341721581819e-64
-210.9375	2.54104376943119e-64
-210.44921875	4.90861427790559e-64
-209.9609375	9.46766725301898e-64
-209.47265625	1.8233262517568e-63
-208.984375	3.50609034631216e-63
-208.49609375	6.73161299730935e-63
-208.0078125	1.29048362106564e-62
-207.51953125	2.47014912367854e-62
-207.03125	4.72096920461781e-62
-206.54296875	9.00899781628238e-62
-206.0546875	1.71656050126695e-61
-205.56640625	3.26572091461802e-61
-205.078125	6.20349361247438e-61
-204.58984375	1.17660565235887e-60
-204.1015625	2.22824448653692e-60
-203.61328125	4.21339397622451e-60
-203.125	7.95497132785836e-60
-202.63671875	1.49962435994711e-59
-202.1484375	2.82269317750331e-59
-201.66015625	5.30496080867898e-59
-201.171875	9.95492529528443e-59
-200.68359375	1.86522466598414e-58
-200.1953125	3.48948723444045e-58
-199.70703125	6.51822574105228e-58
-199.21875	1.21572262551773e-57
-198.73046875	2.26400259786273e-57
-198.2421875	4.20975345068503e-57
-197.75390625	7.81580511000604e-57
-197.265625	1.44886559833634e-56
-196.77734375	2.68175932296373e-56
-196.2890625	4.9561999237983e-56
-195.80078125	9.14566213769241e-56
-195.3125	1.68507334748425e-55
-194.82421875	3.09998637266851e-55
-194.3359375	5.6942703054518e-55
-193.84765625	1.04436832811673e-54
-193.359375	1.91252281924192e-54
-192.87109375	3.49701002807372e-54
-192.3828125	6.38446409579284e-54
-191.89453125	1.1638294417071e-53
-191.40625	2.11831991491997e-53
-190.91796875	3.84973715033967e-53
-190.4296875	6.98566775259487e-53
-189.94140625	1.26567468422129e-52
-189.453125	2.28967361747649e-52
-188.96484375	4.13582720671938e-52
-188.4765625	7.45913574573768e-52
-187.98828125	1.34323486228251e-51
-187.5	2.41519787736499e-51
-187.01171875	4.33601524954165e-51
-186.5234375	7.77259793242043e-51
-186.03515625	1.39116589990072e-50
-185.546875	2.48615936569398e-50
-185.05859375	4.43625317743972e-50
-184.5703125	7.90389208578765e-50
-184.08203125	1.40605723656421e-49
-183.59375	2.49748171341274e-49
-183.10546875	4.4293393360182e-49
-182.6171875	7.84355432372202e-49
-182.12890625	1.38683305186791e-48
-181.640625	2.44834591622014e-48
-181.15234375	4.3157739622767e-48
-180.6640625	7.5959469482045e-48
-180.17578125	1.33488076280947e-47
-179.6875	2.3422882790479e-47
-179.19921875	4.10369934683184e-47
-178.7109375	7.17873702485143e-47
-178.22265625	1.2538854783952e-46
-177.734375	2.18677963286521e-46
-177.24609375	3.80793465458581e-46
-176.7578125	6.62081225970157e-46
-176.26953125	1.14939784463116e-45
-175.78125	1.99235536150276e-45
-175.29296875	3.44826430476413e-45
-174.8046875	5.95897563073948e-45
-174.31640625	1.02820566294974e-44
-173.828125	1.77143692334603e-44
-173.33984375	3.04725440314152e-44
-172.8515625	5.23394377492701e-44
-172.36328125	8.97607994378243e-44
-171.875	1.53702768474893e-43
-171.38671875	2.62793117756823e-43
-170.8984375	4.48625136965436e-43
-170.41015625	7.64699030706979e-43
-169.921875	1.3014718968787e-42
-169.43359375	2.2116498429238e-42
-168.9453125	3.75262581878344e-42
-168.45703125	6.35757474608391e-42
-167.96875	1.07543708065829e-41
-167.48046875	1.81641825429371e-41
-166.9921875	3.06326118530816e-41
-166.50390625	5.1580971483233e-41
-166.015625	8.67226072462695e-41
-165.52734375	1.45583599849259e-40
-165.0390625	2.44022516259097e-40
-164.55078125	4.08398997524192e-40
-164.0625	6.82459294552108e-40
-163.57421875	1.13869170668327e-39
-163.0859375	1.89702424542942e-39
-162.59765625	3.15556350506442e-39
-162.109375	5.24104980832346e-39
-161.62109375	8.69154471100636e-39
-161.1328125	1.43917288954945e-38
-160.64453125	2.37939360146648e-38
-160.15625	3.92786839900395e-38
-159.66796875	6.47418174660424e-38
-159.1796875	1.06549192967712e-37
-158.69140625	1.75086540404623e-37
-158.203125	2.87271589555435e-37
-157.71484375	4.7061949418288e-37
-157.2265625	7.69811628651453e-37
-156.73828125	1.25729254619975e-36
-156.25	2.05033834451034e-36
-155.76171875	3.33850511413656e-36
-155.2734375	5.42770052297117e-36
-154.78515625	8.81083417564686e-36
-154.296875	1.42808973473059e-35
-153.80859375	2.31116677937873e-35
-153.3203125	3.73460259377368e-35
-152.83203125	6.02552401740063e-35
-152.34375	9.70694498971496e-35
-151.85546875	1.56137648430492e-34
-151.3671875	2.50766789147091e-34
-150.87890625	4.02133008900577e-34
-150.390625	6.43882685658882e-34
-149.90234375	1.02939271273595e-33
-149.4140625	1.64320879713715e-33
-148.92578125	2.61903759385015e-33
-148.4375	4.16800309349537e-33
-147.94921875	6.62295268013353e-33
-147.4609375	1.05078191800639e-32
-146.97265625	1.66460367336035e-32
-146.484375	2.63297312219397e-32
-145.99609375	4.15833354898672e-32
-145.5078125	6.5573677076195e-32
-145.01953125	1.03246912262812e-31
-144.53125	1.62316222230133e-31
-144.04296875	2.54791009477183e-31
-143.5546875	3.99340715610303e-31
-143.06640625	6.24942993592223e-31
-142.578125	9.76505141369468e-31
-142.08984375	1.52351236804912e-30
-141.6015625	2.37331155359479e-30
-141.11328125	3.69148273747828e-30
-140.625	5.7330304637741e-30
-140.13671875	8.89006581905753e-30
-139.6484375	1.37645818430363e-29
-139.16015625	2.12793514618438e-29
-138.671875	3.28466491913358e-29
-138.18359375	5.06245383484374e-29
-137.6953125	7.79055501427632e-29
-137.20703125	1.19705206692524e-28
-136.71875	1.83651720882824e-28
-136.23046875	2.81328857647926e-28
-135.7421875	4.30299540660582e-28
-135.25390625	6.57150437605462e-28
-134.765625	1.00206533731491e-27
-134.27734375	1.52568401833464e-27
-133.7890625	2.31937233977738e-27
-133.30078125	3.52057555692886e-27
-132.8125	5.33573416749988e-27
-132.32421875	8.07443269163443e-27
-131.8359375	1.22002062322046e-26
-131.34765625	1.84060096206919e-26
-130.859375	2.77261415782374e-26
-130.37109375	4.17019677049181e-26
-129.8828125	6.26269090877427e-26
-129.39453125	9.39080294290359e-26
-128.90625	1.40598858938804e-25
-128.41796875	2.10183289142503e-25
-127.9296875	3.13726996043711e-25
-127.44140625	4.67565993980044e-25
-126.953125	6.95778913905729e-25
-126.46484375	1.03380095197293e-24
-125.9765625	1.53369821357591e-24
-125.48828125	2.27185293682236e-24
-125	3.36014359512329e-24
-124.51171875	4.96218302666124e-24
-124.0234375	7.31686495863103e-24
-123.53515625	1.07724532918316e-23
-123.046875	1.58358550887824e-23
-122.55859375	2.32437254705674e-23
-122.0703125	3.40649122884483e-23
-121.58203125	4.98478156255852e-23
-121.09375	7.28320120640357e-23
-120.60546875	1.06251679421822e-22
-120.1171875	1.54769941259936e-22
-119.62890625	2.25099614621241e-22
-119.140625	3.26888923091471e-22
-118.65234375	4.73983230381687e-22
-118.1640625	6.86219520244609e-22
-117.67578125	9.91974431993527e-22
-117.1875	1.43177642810364e-21
-116.69921875	2.06341820150988e-21
-116.2109375	2.96918067546969e-21
-115.72265625	4.26602418016753e-21
-115.234375	6.11994218432337e-21
-114.74609375	8.76614490229123e-21
-114.2578125	1.25373944613122e-20
-113.76953125	1.79037190607097e-20
-113.28125	2.55279851107392e-20
-112.79296875	3.63435327668436e-20
-112.3046875	5.16624576663842e-20
-111.81640625	7.33263898542299e-20
-111.328125	1.03916105890367e-19
-110.83984375	1.4704245441777e-19
-110.3515625	2.07749478376879e-19
-109.86328125	2.930720889921e-19
-109.375	4.12806281442221e-19
-108.88671875	5.80571153419823e-19
-108.3984375	8.1527087738636e-19
-107.91015625	1.14310394554651e-18
-107.421875	1.60032001799254e-18
-106.93359375	2.23699632663733e-18
-106.4453125	3.12220218519283e-18
-105.95703125	4.35105020995873e-18
-105.46875	6.05430764874014e-18
-104.98046875	8.41147572327925e-18
-104.4921875	1.16685589622018e-17
-104.00390625	1.61621663902968e-17
-103.515625	2.23521468079014e-17
-103.02734375	3.08657069189902e-17
-102.5390625	4.25569538300146e-17
-102.05078125	5.85871213232341e-17
-101.5625	8.0532485672029e-17
-101.07421875	1.10529286803663e-16
-100.5859375	1.51468020813522e-16
-100.09765625	2.07253490150052e-16
-99.609375	2.83152287275592e-16
-99.12109375	3.86256334436611e-16
-98.6328125	5.26100209225923e-16
-98.14453125	7.15481903117313e-16
-97.65625	9.71552227226962e-16
-97.16796875	1.31725837701079e-15
-96.6796875	1.78325358481908e-15
-96.19140625	2.41041910875621e-15
-95.703125	3.25318931064932e-15
-95.21484375	4.38392818205595e-15
-94.7265625	5.898680105467e-15
-94.23828125	7.92471362375169e-15
-93.75	1.06304005502568e-14
-93.26171875	1.42381315116677e-14
-92.7734375	1.90411726256204e-14
-92.28515625	2.54256286598794e-14
-91.796875	3.38990110538932e-14
-91.30859375	4.51273339153448e-14
-90.8203125	5.99832017654298e-14
-90.33203125	7.96080397437759e-14
-89.84375	1.05492488123406e-13
-89.35546875	1.39580085627781e-13
-88.8671875	1.84400759051774e-13
-88.37890625	2.4324239317213e-13
-87.890625	3.20370965487001e-13
-87.40234375	4.21312506980125e-13
-86.9140625	5.53213631102373e-13
-86.42578125	7.25301728708815e-13
-85.9375	9.49471365892177e-13
-85.44921875	1.24103020084909e-12
-84.9609375	1.61964616863365e-12
-84.47265625	2.11054815151957e-12
-83.984375	2.74604532360226e-12
-83.49609375	3.5674463972177e-12
-83.0078125	4.62747979174792e-12
-82.51953125	5.99334012197821e-12
-82.03125	7.75051636414399e-12
-81.54296875	1.00075938076373e-11
-81.0546875	1.29022668852062e-11
-80.56640625	1.66088549265366e-11
-80.078125	2.13476798689775e-11
-79.58984375	2.73967464515416e-11
-79.1015625	3.51062643467375e-11
-78.61328125	4.49166715267892e-11
-78.125	5.73809630294743e-11
-77.63671875	7.31923040363098e-11
-77.1484375	9.32181165108037e-11
-76.66015625	1.18542081265283e-10
-76.171875	1.5051580006923e-10
-75.68359375	1.90822224425632e-10
-75.1953125	2.41553389565534e-10
-74.70703125	3.0530550638955e-10
-74.21875	3.85295074797488e-10
-73.73046875	4.85500405559055e-10
-73.2421875	6.10833793518248e-10
-72.75390625	7.67350594180811e-10
-72.265625	9.62502643380208e-10
-71.77734375	1.20544485394949e-09
-71.2890625	1.5074054561276e-09
-70.80078125	1.88213225594631e-09
-70.3125	2.34642950877938e-09
-69.82421875	2.92080258923971e-09
-69.3359375	3.63023063467858e-09
-68.84765625	4.50509080440085e-09
-68.359375	5.58226179318035e-09
-67.87109375	6.90643883498823e-09
-67.3828125	8.53169770698381e-09
-66.89453125	1.05233512776331e-08
-66.40625	1.29601490262243e-08
-65.91796875	1.59368777910019e-08
-65.4296875	1.95674308835192e-08
-64.94140625	2.39884227481037e-08
-64.453125	2.93634376641283e-08
-63.96484375	3.58880137070331e-08
-63.4765625	4.37954774279931e-08
-62.98828125	5.33637606109881e-08
-62.5	6.49233481502277e-08
-62.01171875	7.88665256899269e-08
-61.5234375	9.56581173082796e-08
-61.03515625	1.15847927327489e-07
-60.546875	1.40085126400894e-07
-60.05859375	1.69134850461044e-07
-59.5703125	2.0389731198407e-07
-59.08203125	2.4542975638587e-07
-58.59375	2.94971632233338e-07
-58.10546875	3.53973382309954e-07
-57.6171875	4.24129303354479e-07
-57.12890625	5.07414965375711e-07
-56.640625	6.06129726653649e-07
-56.15234375	7.22944927614665e-07
-55.6640625	8.6095839537995e-07
-55.17578125	1.02375594050543e-06
-54.6875	1.21548057772796e-06
-54.19921875	1.44091025276484e-06
-53.7109375	1.70554490661747e-06
-53.22265625	2.01570375650786e-06
-52.734375	2.37863371749323e-06
-52.24609375	2.80262992977216e-06
-51.7578125	3.29716939237791e-06
-51.26953125	3.87305873285283e-06
-50.78125	4.54259716295532e-06
-50.29296875	5.31975568065364e-06
-49.8046875	6.22037357663914e-06
-49.31640625	7.26237328723347e-06
-48.828125	8.46599460262372e-06
-48.33984375	9.85404918747771e-06
-47.8515625	1.14521962977182e-05
-47.36328125	1.32892404800587e-05
-46.875	1.53974519172837e-05
-46.38671875	1.78129099296744e-05
-45.8984375	2.0575869958964e-05
-45.41015625	2.37311541434298e-05
-44.921875	2.73285653390025e-05
-44.43359375	3.14233241497042e-05
-43.9453125	3.6076528199689e-05
-43.45703125	4.13556325074761e-05
-42.96875	4.73349494098979e-05
-42.48046875	5.40961660286841e-05
-41.9921875	6.1728876776981e-05
-41.50390625	7.03311278676853e-05
-41.015625	8.00099702123553e-05
-40.52734375	9.08820164916195e-05
-40.0390625	0.000103073997539426
-39.55078125	0.000116723312519202
-39.0625	0.000131978566686198
-38.57421875	0.000149000089834266
-38.0859375	0.000167960427825645
-37.59765625	0.00018904479890864
-37.109375	0.000212451505851387
-36.62109375	0.000238392294272137
-36.1328125	0.000267092646940921
-35.64453125	0.000298792003278134
-35.15625	0.000333743892797496
-34.66796875	0.000372215970849739
-34.1796875	0.000414489944735417
-33.69140625	0.000460861378086911
-33.203125	0.000511639361387595
-32.71484375	0.000567146036616385
-32.2265625	0.000627715964294331
-31.73828125	0.000693695321681166
-31.25	0.000765440921537334
-30.76171875	0.000843319041742795
-30.2734375	0.000927704057157518
-29.78515625	0.00101897686642742
-29.296875	0.00111752310798797
-28.80859375	0.00122373116129707
-28.3203125	0.0013379899313367
-27.83203125	0.00146068641665314
-27.34375	0.00159220306364805
-26.85546875	0.00173291491247207
-26.3671875	0.00188318654269039
-25.87890625	0.00204336882986164
-25.390625	0.00221379552726828
-24.90234375	0.00239477969022705
-24.4140625	0.0025866099636523
-23.92578125	0.00278954675680318
-23.4375	0.00300381833237188
-22.94921875	0.00322961684021528
-22.4609375	0.00346709432904577
-21.97265625	0.00371635877222509
-21.484375	0.00397747014639314
-20.99609375	0.00425043660395671
-20.5078125	0.00453521078240704
-20.01953125	0.00483168629497632
-19.53125	0.00513969444823183
-19.04296875	0.00545900123279551
-18.5546875	0.00578930463342375
-18.06640625	0.00613023230415107
-17.578125	0.00648133965306227
-17.08984375	0.00684210837948807
-16.6015625	0.0072119455040061
-16.11328125	0.00759018292856774
-15.625	0.00797607756036713
-15.13671875	0.00836881202873817
-14.6484375	0.00876749601943411
-14.16015625	0.00917116824515117
-13.671875	0.00957879906514919
-13.18359375	0.00998929376035861
-12.6953125	0.0104014964635114
-12.20703125	0.0108141947366737
-11.71875	0.0112261247811725
-11.23046875	0.0116359772573988
-10.7421875	0.0120424036844228
-10.25390625	0.0124440233818909
-9.765625	0.0128394309093877
-9.27734375	0.0132272039514468
-8.7890625	0.0136059115897977
-8.30078125	0.0139741228983409
-7.8125	0.0143304157908491
-7.32421875	0.0146733860466073
-6.8359375	0.0150016564351939
-6.34765625	0.015313885858472
-5.859375	0.0156087784256448
-5.37109375	0.0158850923760105
-4.8828125	0.0161416487638468
-4.39453125	0.0163773398207066
-3.90625	0.0165911369123105
-3.41796875	0.0167820980101836
-2.9296875	0.0169493746021646
-2.44140625	0.0170922179708955
-1.953125	0.0172099847753068
-1.46484375	0.0173021418768865
-0.9765625	0.0173682703600744
-0.48828125	0.0174080687043614
0	0.0174213550744821
0.48828125	0.0174080687043614
0.9765625	0.0173682703600744
1.46484375	0.0173021418768865
1.953125	0.0172099847753068
2.44140625	0.0170922179708955
2.9296875	0.0169493746021646
3.41796875	0.0167820980101836
3.90625	0.0165911369123105
4.39453125	0.0163773398207066
4.8828125	0.0161416487638468
5.37109375	0.0158850923760105
5.859375	0.0156087784256448
6.34765625	0.015313885858472
6.8359375	0.0150016564351939
7.32421875	0.0146733860466073
7.8125	0.0143304157908491
8.30078125	0.0139741228983409
8.7890625	0.0136059115897977
9.27734375	0.0132272039514468
9.765625	0.0128394309093877
10.25390625	0.0124440233818909
10.7421875	0.0120424036844228
11.23046875	0.0116359772573988
11.71875	0.0112261247811725
12.20703125	0.0108141947366737
12.6953125	0.0104014964635114
13.18359375	0.00998929376035861
13.671875	0.00957879906514919
14.16015625	0.00917116824515117
14.6484375	0.00876749601943411
15.13671875	0.00836881202873817
15.625	0.00797607756036713
16.11328125	0.00759018292856774
16.6015625	0.0072119455040061
17.08984375	0.00684210837948807
17.578125	0.00648133965306227
18.06640625	0.00613023230415107
18.5546875	0.00578930463342375
19.04296875	0.00545900123279551
19.53125	0.00513969444823183
20.01953125	0.00483168629497632
20.5078125	0.00453521078240704
20.99609375	0.00425043660395671
21.484375	0.00397747014639314
21.97265625	0.00371635877222509
22.4609375	0.00346709432904577
22.94921875	0.00322961684021528
23.4375	0.00300381833237188
23.92578125	0.00278954675680318
24.4140625	0.0025866099636523
24.90234375	0.00239477969022705
25.390625	0.00221379552726828
25.87890625	0.00204336882986164
26.3671875	0.00188318654269039
26.85546875	0.00173291491247207
27.34375	0.00159220306364805
27.83203125	0.00146068641665314
28.3203125	0.0013379899313367
28.80859375	0.00122373116129707
29.296875	0.00111752310798797
29.78515625	0.00101897686642742
30.2734375	0.000927704057157518
30.76171875	0.000843319041742795
31.25	0.000765440921537334
31.73828125	0.000693695321681166
32.2265625	0.000627715964294331
32.71484375	0.000567146036616385
33.203125	0.000511639361387595
33.69140625	0.000460861378086911
34.1796875	0.000414489944735417
34.66796875	0.000372215970849739
35.15625	0.000333743892797496
35.64453125	0.000298792003278134
36.1328125	0.000267092646940921
36.62109375	0.000238392294272137
37.109375	0.000212451505851387
37.59765625	0.00018904479890864
38.0859375	0.000167960427825645
38.57421875	0.000149000089834266
39.0625	0.000131978566686198
39.55078125	0.000116723312519202
40.0390625	0.000103073997539426
40.52734375	9.08820164916195e-05
41.015625	8.00099702123553e-05
41.50390625	7.03311278676853e-05
41.9921875	6.1728876776981e-05
42.48046875	5.40961660286841e-05
42.96875	4.73349494098979e-05
43.45703125	4.13556325074761e-05
43.9453125	3.6076528199689e-05
44.43359375	3.14233241497042e-05
44.921875	2.73285653390025e-05
45.41015625	2.37311541434298e-05
45.8984375	2.0575869958964e-05
46.38671875	1.78129099296744e-05
46.875	1.53974519172837e-05
47.36328125	1.32892404800587e-05
47.8515625	1.14521962977182e-05
48.33984375	9.85404918747771e-06
48.828125	8.46599460262372e-06
49.31640625	7.26237328723347e-06
49.8046875	6.22037357663914e-06
50.29296875	5.31975568065364e-06
50.78125	4.54259716295532e-06
51.26953125	3.87305873285283e-06
51.7578125	3.29716939237791e-06
52.24609375	2.80262992977216e-06
52.734375	2.37863371749323e-06
53.22265625	2.01570375650786e-06
53.7109375	1.70554490661747e-06
54.19921875	1.44091025276484e-06
54.6875	1.21548057772796e-06
55.17578125	1.02375594050543e-06
55.6640625	8.6095839537995e-07
56.15234375	7.22944927614665e-07
56.640625	6.06129726653649e-07
57.12890625	5.07414965375711e-07
57.6171875	4.24129303354479e-07
58.10546875	3.53973382309954e-07
58.59375	2.94971632233338e-07
59.08203125	2.4542975638587e-07
59.5703125	2.0389731198407e-07
60.05859375	1.69134850461044e-07
60.546875	1.40085126400894e-07
61.03515625	1.15847927327489e-07
61.5234375	9.56581173082796e-08
62.01171875	7.88665256899269e-08
62.5	6.49233481502277e-08
62.98828125	5.33637606109881e-08
63.4765625	4.37954774279931e-08
63.96484375	3.58880137070331e-08
64.453125	2.93634376641283e-08
64.94140625	2.39884227481037e-08
65.4296875	1.95674308835192e-08
65.91796875	1.59368777910019e-08
66.40625	1.29601490262243e-08
66.89453125	1.05233512776331e-08
67.3828125	8.53169770698381e-09
67.87109375	6.90643883498823e-09
68.359375	5.58226179318035e-09
68.84765625	4.50509080440085e-09
69.3359375	3.63023063467858e-09
69.82421875	2.92080258923971e-09
70.3125	2.34642950877938e-09
70.80078125	1.88213225594631e-09
71.2890625	1.5074054561276e-09
71.77734375	1.20544485394949e-09
72.265625	9.62502643380208e-10
72.75390625	7.67350594180811e-10
73.2421875	6.10833793518248e-10
73.73046875	4.85500405559055e-10
74.21875	3.85295074797488e-10
74.70703125	3.0530550638955e-10
75.1953125	2.41553389565534e-10
75.68359375	1.90822224425632e-10
76.171875	1.5051580006923e-10
76.66015625	1.18542081265283e-10
77.1484375	9.32181165108037e-11
77.63671875	7.31923040363098e-11
78.125	5.73809630294743e-11
78.61328125	4.49166715267892e-11
79.1015625	3.51062643467375e-11
79.58984375	2.73967464515416e-11
80.078125	2.13476798689775e-11
80.56640625	1.66088549265366e-11
81.0546875	1.29022668852062e-11
81.54296875	1.00075938076373e-11
82.03125	7.75051636414399e-12
82.51953125	5.99334012197821e-12
83.0078125	4.62747979174792e-12
83.49609375	3.5674463972177e-12
83.984375	2.74604532360226e-12
84.47265625	2.11054815151957e-12
84.9609375	1.61964616863365e-12
85.44921875	1.24103020084909e-12
85.9375	9.49471365892177e-13
86.42578125	7.25301728708815e-13
86.9140625	5.53213631102373e-13
87.40234375	4.21312506980125e-13
87.890625	3.20370965487001e-13
88.37890625	2.4324239317213e-13
88.8671875	1.84400759051774e-13
89.35546875	1.39580085627781e-13
89.84375	1.05492488123406e-13
90.33203125	7.96080397437759e-14
90.8203125	5.99832017654298e-14
91.30859375	4.51273339153448e-14
91.796875	3.38990110538932e-14
92.28515625	2.54256286598794e-14
92.7734375	1.90411726256204e-14
93.26171875	1.42381315116677e-14
93.75	1.06304005502568e-14
94.23828125	7.92471362375169e-15
94.7265625	5.898680105467e-15
95.21484375	4.38392818205595e-15
95.703125	3.25318931064932e-15
96.19140625	2.41041910875621e-15
96.6796875	1.78325358481908e-15
97.16796875	1.31725837701079e-15
97.65625	9.71552227226962e-16
98.14453125	7.15481903117313e-16
98.6328125	5.26100209225923e-16
99.12109375	3.86256334436611e-16
99.609375	2.83152287275592e-16
100.09765625	2.07253490150052e-16
100.5859375	1.51468020813522e-16
101.07421875	1.10529286803663e-16
101.5625	8.0532485672029e-17
102.05078125	5.85871213232341e-17
102.5390625	4.25569538300146e-17
103.02734375	3.08657069189902e-17
103.515625	2.23521468079014e-17
104.00390625	1.61621663902968e-17
104.4921875	1.16685589622018e-17
104.98046875	8.41147572327925e-18
105.46875	6.05430764874014e-18
105.95703125	4.35105020995873e-18
106.4453125	3.12220218519283e-18
106.93359375	2.23699632663733e-18
107.421875	1.60032001799254e-18
107.91015625	1.14310394554651e-18
108.3984375	8.1527087738636e-19
108.88671875	5.80571153419823e-19
109.375	4.12806281442221e-19
109.86328125	2.930720889921e-19
110.3515625	2.07749478376879e-19
110.83984375	1.4704245441777e-19
111.328125	1.03916105890367e-19
111.81640625	7.33263898542299e-20
112.3046875	5.16624576663842e-20
112.79296875	3.63435327668436e-20
113.28125	2.55279851107392e-20
113.76953125	1.79037190607097e-20
114.2578125	1.25373944613122e-20
114.74609375	8.76614490229123e-21
115.234375	6.11994218432337e-21
115.72265625	4.26602418016753e-21
116.2109375	2.96918067546969e-21
116.69921875	2.06341820150988e-21
117.1875	1.43177642810364e-21
117.67578125	9.91974431993527e-22
118.1640625	6.86219520244609e-22
118.65234375	4.73983230381687e-22
119.140625	3.26888923091471e-22
119.62890625	2.25099614621241e-22
120.1171875	1.54769941259936e-22
120.60546875	1.06251679421822e-22
121.09375	7.28320120640357e-23
121.58203125	4.98478156255852e-23
122.0703125	3.40649122884483e-23
122.55859375	2.32437254705674e-23
123.046875	1.58358550887824e-23
123.53515625	1.07724532918316e-23
124.0234375	7.31686495863103e-24
124.51171875	4.96218302666124e-24
125	3.36014359512329e-24
125.48828125	2.27185293682236e-24
125.9765625	1.53369821357591e-24
126.46484375	1.03380095197293e-24
126.953125	6.95778913905729e-25
127.44140625	4.67565993980044e-25
127.9296875	3.13726996043711e-25
128.41796875	2.10183289142503e-25
128.90625	1.40598858938804e-25
129.39453125	9.39080294290359e-26
129.8828125	6.26269090877427e-26
130.37109375	4.17019677049181e-26
130.859375	2.77261415782374e-26
131.34765625	1.84060096206919e-26
131.8359375	1.22002062322046e-26
132.32421875	8.07443269163443e-27
132.8125	5.33573416749988e-27
133.30078125	3.52057555692886e-27
133.7890625	2.31937233977738e-27
134.27734375	1.52568401833464e-27
134.765625	1.00206533731491e-27
135.25390625	6.57150437605462e-28
135.7421875	4.30299540660582e-28
136.23046875	2.81328857647926e-28
136.71875	1.83651720882824e-28
137.20703125	1.19705206692524e-28
137.6953125	7.79055501427632e-29
138.18359375	5.06245383484374e-29
138.671875	3.28466491913358e-29
139.16015625	2.12793514618438e-29
139.6484375	1.37645818430363e-29
140.13671875	8.89006581905753e-30
140.625	5.7330304637741e-30
141.11328125	3.69148273747828e-30
141.6015625	2.37331155359479e-30
142.08984375	1.52351236804912e-30
142.578125	9.76505141369468e-31
143.06640625	6.24942993592223e-31
143.5546875	3.99340715610303e-31
144.04296875	2.54791009477183e-31
144.53125	1.62316222230133e-31
145.01953125	1.03246912262812e-31
145.5078125	6.5573677076195e-32
145.99609375	4.15833354898672e-32
146.484375	2.63297312219397e-32
146.97265625	1.66460367336035e-32
147.4609375	1.05078191800639e-32
147.94921875	6.62295268013353e-33
148.4375	4.16800309349537e-33
148.92578125	2.61903759385015e-33
149.4140625	1.64320879713715e-33
149.90234375	1.02939271273595e-33
150.390625	6.43882685658882e-34
150.87890625	4.02133008900577e-34
151.3671875	2.50766789147091e-34
151.85546875	1.56137648430492e-34
152.34375	9.70694498971496e-35
152.83203125	6.02552401740063e-35
153.3203125	3.73460259377368e-35
153.80859375	2.31116677937873e-35
154.296875	1.42808973473059e-35
154.78515625	8.81083417564686e-36
155.2734375	5.42770052297117e-36
155.76171875	3.33850511413656e-36
156.25	2.05033834451034e-36
156.73828125	1.25729254619975e-36
157.2265625	7.69811628651453e-37
157.71484375	4.7061949418288e-37
158.203125	2.87271589555435e-37
158.69140625	1.75086540404623e-37
159.1796875	1.06549192967712e-37
159.66796875	6.47418174660424e-38
160.15625	3.92786839900395e-38
160.64453125	2.37939360146648e-38
161.1328125	1.43917288954945e-38
161.62109375	8.69154471100636e-39
162.109375	5.24104980832346e-39
162.59765625	3.15556350506442e-39
163.0859375	1.89702424542942e-39
163.57421875	1.13869170668327e-39
164.0625	6.82459294552108e-40
164.55078125	4.08398997524192e-40
165.0390625	2.44022516259097e-40
165.52734375	1.45583599849259e-40
166.015625	8.67226072462695e-41
166.50390625	5.1580971483233e-41
166.9921875	3.06326118530816e-41
167.48046875	1.81641825429371e-41
167.96875	1.07543708065829e-41
168.45703125	6.35757474608391e-42
168.9453125	3.75262581878344e-42
169.43359375	2.2116498429238e-42
169.921875	1.3014718968787e-42
170.41015625	7.64699030706979e-43
170.8984375	4.48625136965436e-43
171.38671875	2.62793117756823e-43
171.875	1.53702768474893e-43
172.36328125	8.97607994378243e-44
172.8515625	5.23394377492701e-44
173.33984375	3.04725440314152e-44
173.828125	1.77143692334603e-44
174.31640625	1.02820566294974e-44
174.8046875	5.95897563073948e-45
175.29296875	3.44826430476413e-45
175.78125	1.99235536150276e-45
176.26953125	1.14939784463116e-45
176.7578125	6.62081225970157e-46
177.24609375	3.80793465458581e-46
177.734375	2.18677963286521e-46
178.22265625	1.2538854783952e-46
178.7109375	7.17873702485143e-47
179.19921875	4.10369934683184e-47
179.6875	2.3422882790479e-47
180.17578125	1.33488076280947e-47
180.6640625	7.5959469482045e-48
181.15234375	4.3157739622767e-48
181.640625	2.44834591622014e-48
182.12890625	1.38683305186791e-48
182.6171875	7.84355432372202e-49
183.10546875	4.4293393360182e-49
183.59375	2.49748171341274e-49
184.08203125	1.40605723656421e-49
184.5703125	7.90389208578765e-50
185.05859375	4.43625317743972e-50
185.546875	2.48615936569398e-50
186.03515625	1.39116589990072e-50
186.5234375	7.77259793242043e-51
187.01171875	4.33601524954165e-51
187.5	2.41519787736499e-51
187.98828125	1.34323486228251e-51
188.4765625	7.45913574573768e-52
188.96484375	4.13582720671938e-52
189.453125	2.28967361747649e-52
189.94140625	1.26567468422129e-52
190.4296875	6.98566775259487e-53
190.91796875	3.84973715033967e-53
191.40625	2.11831991491997e-53
191.89453125	1.1638294417071e-53
192.3828125	6.38446409579284e-54
192.87109375	3.49701002807372e-54
193.359375	1.91252281924192e-54
193.84765625	1.04436832811673e-54
194.3359375	5.6942703054518e-55
194.82421875	3.09998637266851e-55
195.3125	1.68507334748425e-55
195.80078125	9.14566213769241e-56
196.2890625	4.9561999237983e-56
196.77734375	2.68175932296373e-56
197.265625	1.44886559833634e-56
197.75390625	7.81580511000604e-57
198.2421875	4.20975345068503e-57
198.73046875	2.26400259786273e-57
199.21875	1.21572262551773e-57
199.70703125	6.51822574105228e-58
200.1953125	3.48948723444045e-58
200.68359375	1.86522466598414e-58
201.171875	9.95492529528443e-59
201.66015625	5.30496080867898e-59
202.1484375	2.82269317750331e-59
202.63671875	1.49962435994711e-59
203.125	7.95497132785836e-60
203.61328125	4.21339397622451e-60
204.1015625	2.22824448653692e-60
204.58984375	1.17660565235887e-60
205.078125	6.20349361247438e-61
205.56640625	3.26572091461802e-61
206.0546875	1.71656050126695e-61
206.54296875	9.00899781628238e-62
207.03125	4.72096920461781e-62
207.51953125	2.47014912367854e-62
208.0078125	1.29048362106564e-62
208.49609375	6.73161299730935e-63
208.984375	3.50609034631216e-63
209.47265625	1.8233262517568e-63
209.9609375	9.46766725301898e-64
210.44921875	4.90861427790559e-64
210.9375	2.54104376943119e-64
211.42578125	1.31341721581819e-64
211.9140625	6.7784528971252e-65
212.40234375	3.49297743200535e-65
212.890625	1.79720780525254e-65
213.37890625	9.23289999641421e-66
213.8671875	4.73603917901322e-66
214.35546875	2.42565907205138e-66
214.84375	1.24045654146381e-66
215.33203125	6.33389217806013e-67
215.8203125	3.22921601557521e-67
216.30859375	1.64384493781484e-67
216.796875	8.3552975113602e-68
217.28515625	4.24033636033743e-68
217.7734375	2.14870115069304e-68
218.26171875	1.08714893338865e-68
218.75	5.49211207381778e-69
219.23828125	2.7703016272767e-69
219.7265625	1.39525003619127e-69
220.21484375	7.01640011483217e-70
220.703125	3.52301076920306e-70
221.19140625	1.76624487097136e-70
221.6796875	8.84148421440455e-71
222.16796875	4.41912979268288e-71
222.65625	2.20539130430903e-71
223.14453125	1.09893467661358e-71
223.6328125	5.46758340482633e-72
224.12109375	2.71616578941569e-72
224.609375	1.34726941985749e-72
225.09765625	6.67252099531675e-73
225.5859375	3.29961116783537e-73
226.07421875	1.62919436732568e-73
226.5625	8.0319381253944e-74
227.05078125	3.9537128816465e-74
227.5390625	1.94324348520186e-74
228.02734375	9.53644772095135e-75
228.515625	4.67286638884832e-75
229.00390625	2.28621681040908e-75
229.4921875	1.11683440250812e-75
229.98046875	5.4475029245259e-76
230.46875	2.65303805819612e-76
230.95703125	1.29011019498337e-76
231.4453125	6.26393804552023e-77
231.93359375	3.03672468109254e-77
232.421875	1.46994370941162e-77
232.91015625	7.10449655581108e-78
233.3984375	3.428492717289e-78
233.88671875	1.6520016385078e-78
234.375	7.94794833569375e-79
234.86328125	3.81800872269522e-79
235.3515625	1.8312857514445e-79
235.83984375	8.7702633750363e-80
236.328125	4.19378801393465e-80
236.81640625	2.00233911777089e-80
237.3046875	9.54566323709446e-81
237.79296875	4.5437236002692e-81
238.28125	2.15950900933996e-81
238.76953125	1.02479135898724e-81
239.2578125	4.85571522478622e-82
239.74609375	2.29725011287178e-82
240.234375	1.08517723307682e-82
240.72265625	5.1183547717818e-83
241.2109375	2.41044605042806e-83
241.69921875	1.1334484308177e-83
242.1875	5.3216147905139e-84
242.67578125	2.49472352738297e-84
243.1640625	1.16772003140728e-84
243.65234375	5.4574825650752e-85
244.140625	2.54673233734279e-85
244.62890625	1.18661973767937e-85
245.1171875	5.52048395815164e-86
245.60546875	2.56436626939286e-86
246.09375	1.1893790334966e-86
246.58203125	5.508049320291e-87
247.0703125	2.54690462178291e-87
247.55859375	1.17588503107087e-87
248.046875	5.4206873788413e-88
248.53515625	2.4950610709699e-88
249.0234375	1.14668813337919e-88
249.51171875	5.26195070711726e-89